0	-94.715836	0.000009	50.314465
1	-94.641602	0.000010	50.314465
2	-97.298553	0.000006	0.000000
3	-93.776810	0.000012	251.572327
4	-93.837547	0.000011	0.000000
5	-96.015404	0.000008	100.628929
6	-92.807724	0.000011	0.000000
7	-91.558350	0.000017	100.628929
8	-94.715836	0.000010	50.314465
9	-93.005157	0.000013	150.943390
10	-94.220993	0.000011	0.000000
11	-94.868233	0.000009	0.000000
12	-94.715836	0.000009	0.000000
13	-96.909386	0.000007	0.000000
14	-94.496826	0.000010	50.314465
15	-95.537689	0.000008	0.000000
16	-96.668053	0.000007	0.000000
17	-94.288322	0.000010	100.628929
18	-95.107353	0.000010	50.314465
19	-96.552238	0.000007	100.628929
20	-93.776810	0.000012	100.628929
21	-96.117592	0.000007	150.943390
22	-94.288322	0.000011	100.628929
23	-95.629120	0.000008	50.314465
24	-95.190079	0.000010	0.000000
25	-95.722519	0.000008	0.000000
26	-96.015404	0.000008	50.314465
27	-94.496826	0.000010	0.000000
28	-95.817970	0.000007	0.000000
29	-94.641602	0.000010	50.314465
30	-95.448143	0.000009	0.000000
31	-93.961639	0.000012	0.000000
32	-95.190079	0.000009	150.943390
33	-95.026176	0.000010	150.943390
34	-93.716904	0.000011	0.000000
35	-95.537689	0.000009	100.628929
36	-93.899155	0.000011	50.314465
37	-95.915565	0.000008	50.314465
38	-96.117592	0.000006	150.943390
39	-95.026176	0.000009	100.628929
40	-94.356720	0.000010	50.314465
41	-95.107353	0.000009	50.314465
42	-94.426208	0.000011	100.628929
43	-96.668053	0.000007	150.943390
44	-95.274406	0.000009	50.314465
45	-94.641602	0.000010	100.628929
46	-95.629120	0.000008	0.000000
47	-96.117592	0.000008	50.314465
48	-94.715836	0.000010	50.314465
49	-96.015404	0.000007	50.314465
50	-95.915565	0.000008	50.314465
51	-94.946487	0.000009	50.314465
52	-97.436432	0.000006	100.628929
53	-96.117592	0.000008	0.000000
54	-95.817970	0.000009	100.628929
55	-96.909386	0.000007	0.000000
56	-95.107353	0.000009	100.628929
57	-95.629120	0.000009	0.000000
58	-95.817970	0.000008	50.314465
59	-95.360405	0.000009	0.000000
60	-97.298553	0.000006	0.000000
61	-95.722519	0.000008	0.000000
62	-96.117592	0.000008	50.314465
63	-95.274406	0.000009	50.314465
64	-97.436432	0.000006	50.314465
65	-96.909386	0.000006	0.000000
66	-99.339668	0.000004	0.000000
67	-95.915565	0.000008	0.000000
68	-98.732719	0.000004	50.314465
69	-95.107353	0.000008	0.000000
70	-96.117592	0.000008	50.314465
71	-96.909386	0.000006	50.314465
72	-95.107353	0.000009	50.314465
73	-96.439430	0.000007	0.000000
74	-96.117592	0.000008	0.000000
75	-96.668053	0.000007	100.628929
76	-95.274406	0.000008	0.000000
77	-94.220993	0.000011	50.314465
78	-94.288322	0.000011	100.628929
79	-95.915565	0.000008	0.000000
80	-87.909737	0.000021	1056.603760
81	-95.817970	0.000009	251.572327
82	-89.797447	0.000020	905.660400
83	-91.278061	0.000017	905.660400
84	-93.005157	0.000013	201.257858
85	-93.429192	0.000012	553.459106
86	-95.107353	0.000010	100.628929
87	-93.055954	0.000012	251.572327
88	-90.827286	0.000019	1358.490601
89	-78.843842	0.000091	3823.899414
90	-64.387650	0.000483	3974.842773
91	-65.186745	0.000458	3874.213867
92	-56.706318	0.001249	3924.528320
93	-50.302036	0.002360	3823.899414
94	-52.171276	0.001910	3874.213867
95	-45.250690	0.004347	4075.471680
96	-42.583294	0.005857	4075.471680
97	-38.763542	0.009974	3672.956055
98	-43.258026	0.005260	4176.100586
99	-47.566505	0.003166	3823.899414
100	-48.865429	0.002672	2264.150879
101	-26.119982	0.035901	352.201263
102	-22.712271	0.054950	452.830200
103	-23.562822	0.051567	503.144653
104	-20.967270	0.070783	503.144653
105	-22.136612	0.062877	553.459106
106	-21.277452	0.072730	603.773560
107	-21.571747	0.070407	553.459106
108	-20.726625	0.076204	452.830200
109	-20.992649	0.075072	452.830200
110	-23.448862	0.053083	503.144653
111	-27.431755	0.034696	402.515717
112	-27.551918	0.036054	352.201263
113	-25.623997	0.040810	452.830200
114	-24.647675	0.042802	452.830200
115	-23.013033	0.053188	251.572327
116	-23.583220	0.054828	301.886780
117	-23.542326	0.050886	352.201263
118	-22.118767	0.066692	150.943390
119	-22.872768	0.065085	150.943390
120	-24.382099	0.052246	100.628929
121	-26.702732	0.036586	251.572327
122	-28.092846	0.029490	503.144653
123	-30.387537	0.022054	603.773560
124	-31.880800	0.020352	603.773560
125	-32.002575	0.020737	452.830200
126	-30.979309	0.023821	301.886780
127	-32.980652	0.018495	352.201263
128	-33.705814	0.016669	352.201263
129	-35.287186	0.014420	452.830200
130	-35.943996	0.013746	201.257858
131	-38.971020	0.010281	150.943390
132	-41.550278	0.006655	1106.918213
133	-44.249561	0.004930	2767.295654
134	-44.125286	0.005227	2113.207520
135	-44.062145	0.004799	2566.037842
136	-45.652798	0.004101	2867.924561
137	-45.425358	0.004422	3320.754639
138	-48.127956	0.003140	2968.553467
139	-50.177147	0.002438	3119.496826
140	-51.201176	0.002254	2767.295654
141	-52.800892	0.001997	855.345886
142	-52.040657	0.002232	100.628929
143	-55.870884	0.001359	100.628929
144	-60.685158	0.000810	251.572327
145	-72.668175	0.000180	251.572327
146	-74.597008	0.000149	150.943390
147	-67.124062	0.000382	100.628929
148	-65.656754	0.000443	100.628929
149	-66.053558	0.000427	100.628929
150	-73.375580	0.000186	0.000000
151	-76.464119	0.000129	0.000000
152	-77.317741	0.000113	0.000000
153	-81.461746	0.000064	50.314465
154	-88.318977	0.000026	0.000000
155	-80.668167	0.000077	0.000000
156	-79.251762	0.000091	0.000000
157	-84.663811	0.000047	0.000000
158	-91.857979	0.000017	0.000000
159	-86.984604	0.000030	0.000000
160	-86.529556	0.000038	0.000000
161	-91.857979	0.000016	50.314465
162	-93.961639	0.000012	0.000000
163	-96.668053	0.000007	0.000000
164	-97.436432	0.000006	0.000000
165	-95.722519	0.000009	100.628929
166	-97.436432	0.000006	0.000000
167	-95.448143	0.000008	50.314465
168	-95.722519	0.000008	50.314465
169	-94.288322	0.000011	50.314465
170	-96.117592	0.000008	50.314465
171	-95.360405	0.000008	0.000000
172	-73.615250	0.000136	905.660400
173	-48.369160	0.001292	1509.433960
174	-41.486538	0.006087	1056.603760
175	-25.275677	0.034314	603.773560
176	-21.792227	0.066093	603.773560
177	-21.256796	0.067752	905.660400
178	-16.787516	0.119583	704.402527
179	-16.525238	0.123549	654.088074
180	-18.287756	0.103916	704.402527
181	-17.799221	0.107244	754.716980
182	-18.544928	0.098740	905.660400
183	-17.675812	0.104025	855.345886
184	-15.901770	0.129675	654.088074
185	-16.533806	0.121787	805.031433
186	-17.527611	0.104997	654.088074
187	-20.462475	0.071765	855.345886
188	-23.403095	0.054580	603.773560
189	-22.519653	0.055437	402.515717
190	-24.739855	0.043427	754.716980
191	-23.612812	0.054487	553.459106
192	-25.714699	0.041339	654.088074
193	-28.401312	0.031235	654.088074
194	-28.990837	0.026879	603.773560
195	-29.259748	0.027546	452.830200
196	-30.842745	0.020795	503.144653
197	-33.438316	0.016601	402.515717
198	-36.672863	0.012636	503.144653
199	-40.208683	0.008084	452.830200
200	-44.730202	0.004708	352.201263
201	-42.113445	0.006288	352.201263
202	-47.081261	0.003620	201.257858
203	-43.802814	0.005454	251.572327
204	-43.642033	0.005652	100.628929
205	-46.682590	0.003944	100.628929
206	-50.081417	0.002592	251.572327
207	-53.133858	0.001792	201.257858
208	-53.371910	0.001717	452.830200
209	-54.836514	0.001488	301.886780
210	-56.196465	0.001252	251.572327
211	-57.675362	0.001156	100.628929
212	-61.051369	0.000752	150.943390
213	-66.468040	0.000411	100.628929
214	-71.062653	0.000232	50.314465
215	-72.246353	0.000212	50.314465
216	-72.979034	0.000188	50.314465
217	-72.485168	0.000214	0.000000
218	-76.776329	0.000122	0.000000
219	-78.167183	0.000106	50.314465
220	-76.892181	0.000120	0.000000
221	-76.290688	0.000137	50.314465
222	-79.657402	0.000088	0.000000
223	-84.568680	0.000041	0.000000
224	-82.052299	0.000067	50.314465
225	-83.000160	0.000060	0.000000
226	-91.486565	0.000017	0.000000
227	-93.055954	0.000014	0.000000
228	-93.961639	0.000012	0.000000
229	-89.944679	0.000024	0.000000
230	-89.494598	0.000024	0.000000
231	-94.288322	0.000010	0.000000
232	-91.244263	0.000021	0.000000
233	-97.726059	0.000006	50.314465
234	-95.537689	0.000009	50.314465
235	-94.356720	0.000011	0.000000
236	-91.558350	0.000017	0.000000
237	-93.159363	0.000014	0.000000
238	-96.787041	0.000007	0.000000
239	-80.712624	0.000051	402.515717
240	-62.218708	0.000613	855.345886
241	-42.702534	0.005507	955.974854
242	-34.593060	0.010064	1257.861694
243	-31.164801	0.021605	905.660400
244	-29.090652	0.024853	1056.603760
245	-28.109228	0.031073	503.144653
246	-24.728640	0.044905	654.088074
247	-26.069185	0.036054	1006.289307
248	-26.591574	0.036164	754.716980
249	-27.221399	0.033619	855.345886
250	-26.321037	0.038450	955.974854
251	-26.358299	0.038315	654.088074
252	-27.666874	0.031138	704.402527
253	-28.306648	0.030911	503.144653
254	-29.517611	0.025695	855.345886
255	-31.120394	0.022074	905.660400
256	-31.832167	0.021080	452.830200
257	-33.823059	0.018140	301.886780
258	-36.249805	0.014440	100.628929
259	-37.610039	0.011113	1660.377319
260	-38.539707	0.009612	3119.496826
261	-41.321930	0.006902	3723.270508
262	-39.372650	0.008578	3924.528320
263	-36.186283	0.012495	4125.786133
264	-38.101608	0.010115	4125.786133
265	-37.970608	0.010039	4377.358398
266	-35.021671	0.014636	4226.415039
267	-37.177761	0.011252	3974.842773
268	-36.964050	0.011740	3974.842773
269	-39.841496	0.008257	3924.528320
270	-41.443390	0.006746	2566.037842
271	-32.107201	0.015861	1106.918213
272	-23.930777	0.049522	754.716980
273	-21.085308	0.074080	553.459106
274	-20.839931	0.075712	905.660400
275	-20.810209	0.077438	704.402527
276	-20.604765	0.074598	855.345886
277	-20.991667	0.075786	754.716980
278	-21.949610	0.063081	1157.232666
279	-22.086311	0.062726	654.088074
280	-20.700773	0.073079	805.031433
281	-18.363428	0.104846	654.088074
282	-21.029037	0.071908	955.974854
283	-25.667343	0.039880	1106.918213
284	-26.332844	0.039020	855.345886
285	-24.453709	0.048577	704.402527
286	-29.248878	0.028709	805.031433
287	-29.278736	0.028746	754.716980
288	-33.875504	0.016218	553.459106
289	-37.514374	0.009135	603.773560
290	-41.454613	0.006206	603.773560
291	-44.930050	0.004537	452.830200
292	-45.650333	0.004472	301.886780
293	-46.952347	0.003697	452.830200
294	-48.424953	0.003111	503.144653
295	-53.098518	0.001740	955.974854
296	-49.425262	0.002788	1459.119507
297	-52.834450	0.001619	1106.918213
298	-64.551277	0.000474	301.886780
299	-65.965805	0.000418	201.257858
300	-67.485611	0.000344	452.830200
301	-66.844856	0.000370	201.257858
302	-62.290462	0.000670	201.257858
303	-67.225487	0.000372	150.943390
304	-69.314354	0.000306	100.628929
305	-69.131729	0.000290	201.257858
306	-64.492416	0.000516	201.257858
307	-70.913803	0.000237	0.000000
308	-75.101707	0.000132	0.000000
309	-79.385735	0.000086	50.314465
310	-70.454453	0.000263	0.000000
311	-81.858017	0.000051	50.314465
312	-75.048836	0.000149	0.000000
313	-78.985596	0.000095	0.000000
314	-88.621056	0.000025	50.314465
315	-90.123009	0.000021	0.000000
316	-88.676620	0.000027	50.314465
317	-90.255020	0.000021	0.000000
318	-92.807724	0.000013	50.314465
319	-99.562416	0.000004	0.000000
320	-93.961639	0.000011	0.000000
321	-95.817970	0.000009	100.628929
322	-91.046829	0.000019	0.000000
323	-91.819374	0.000017	0.000000
324	-87.863121	0.000030	0.000000
325	-92.856247	0.000013	0.000000
326	-94.791367	0.000009	100.628929
327	-94.154686	0.000010	0.000000
328	-94.641602	0.000010	150.943390
329	-94.288322	0.000010	50.314465
330	-93.599525	0.000011	100.628929
331	-93.319237	0.000013	0.000000
332	-93.107353	0.000013	100.628929
333	-95.360405	0.000009	50.314465
334	-93.485229	0.000014	201.257858
335	-94.868233	0.000010	0.000000
336	-94.496826	0.000011	100.628929
337	-92.306938	0.000014	251.572327
338	-93.657822	0.000012	150.943390
339	-94.496826	0.000010	0.000000
340	-95.026176	0.000010	100.628929
341	-97.436432	0.000006	0.000000
342	-94.220993	0.000011	100.628929
343	-97.726059	0.000006	50.314465
344	-95.537689	0.000008	0.000000
345	-96.222244	0.000007	50.314465
346	-95.915565	0.000008	0.000000
347	-92.665321	0.000015	0.000000
348	-95.448143	0.000009	50.314465
349	-97.035271	0.000006	50.314465
350	-97.164917	0.000006	50.314465
351	-95.026176	0.000010	0.000000
352	-94.791367	0.000010	0.000000
353	-97.035271	0.000006	100.628929
354	-98.732719	0.000004	0.000000
355	-96.222244	0.000008	0.000000
356	-94.568611	0.000010	0.000000
357	-94.154686	0.000011	0.000000
358	-97.164917	0.000006	0.000000
359	-93.716904	0.000013	100.628929
360	-95.448143	0.000009	0.000000
361	-97.035271	0.000006	150.943390
362	-95.629120	0.000009	0.000000
363	-96.552238	0.000007	100.628929
364	-93.837547	0.000012	50.314465
365	-96.015404	0.000007	50.314465
366	-97.035271	0.000006	100.628929
367	-96.909386	0.000007	0.000000
368	-96.329483	0.000008	0.000000
369	-97.726059	0.000005	0.000000
370	-94.641602	0.000010	0.000000
371	-94.868233	0.000009	150.943390
372	-95.915565	0.000008	50.314465
373	-96.222244	0.000008	0.000000
374	-95.274406	0.000009	150.943390
375	-97.878448	0.000005	100.628929
376	-97.878448	0.000005	50.314465
377	-94.288322	0.000011	0.000000
378	-95.448143	0.000008	0.000000
379	-95.448143	0.000009	0.000000
380	-94.426208	0.000009	0.000000
381	-97.436432	0.000006	0.000000
382	-98.036385	0.000005	0.000000
383	-97.436432	0.000006	100.628929
384	-96.015404	0.000007	150.943390
385	-94.715836	0.000010	50.314465
386	-96.329483	0.000006	50.314465
387	-95.629120	0.000008	150.943390
388	-97.035271	0.000006	150.943390
389	-95.448143	0.000009	50.314465
390	-97.035271	0.000006	100.628929
391	-95.448143	0.000008	0.000000
392	-94.946487	0.000009	0.000000
393	-96.787041	0.000007	50.314465
394	-94.715836	0.000009	100.628929
395	-95.448143	0.000009	0.000000
396	-91.743179	0.000016	0.000000
397	-63.750294	0.000386	50.314465
398	-42.772499	0.005920	150.943390
399	-37.866238	0.010739	201.257858
400	-33.071968	0.016632	251.572327
401	-26.629015	0.037418	251.572327
402	-26.513187	0.033665	452.830200
403	-26.565567	0.036139	352.201263
404	-22.999327	0.057578	452.830200
405	-22.323605	0.060308	754.716980
406	-19.836117	0.081502	603.773560
407	-20.137093	0.080216	754.716980
408	-21.266613	0.070743	654.088074
409	-21.931890	0.067106	201.257858
410	-22.426247	0.068953	352.201263
411	-23.615931	0.059821	150.943390
412	-24.530910	0.052425	150.943390
413	-25.530416	0.045677	402.515717
414	-30.608900	0.024738	754.716980
415	-38.867825	0.009233	1559.748413
416	-38.040428	0.010597	603.773560
417	-37.562172	0.011006	553.459106
418	-41.027611	0.007273	452.830200
419	-44.878925	0.004637	251.572327
420	-46.211727	0.003743	402.515717
421	-49.453175	0.002647	654.088074
422	-50.239510	0.002323	1106.918213
423	-44.175480	0.004868	2163.521973
424	-42.575741	0.005932	1911.949707
425	-26.444538	0.034529	805.031433
426	-24.156458	0.049686	452.830200
427	-23.333113	0.054627	402.515717
428	-23.256264	0.053301	553.459106
429	-23.058786	0.056926	402.515717
430	-23.245312	0.058883	150.943390
431	-22.421350	0.067515	150.943390
432	-25.396601	0.045328	553.459106
433	-28.873386	0.031960	603.773560
434	-28.635958	0.029876	3169.811279
435	-29.800360	0.027127	3320.754639
436	-33.692360	0.016348	3119.496826
437	-33.300663	0.016600	3572.327148
438	-35.114555	0.014130	3572.327148
439	-37.645069	0.010449	4075.471680
440	-41.235764	0.006746	3773.584961
441	-44.577831	0.004813	2515.723389
442	-29.298813	0.023687	1056.603760
443	-26.723743	0.035917	301.886780
444	-24.757833	0.043639	352.201263
445	-25.473373	0.040604	301.886780
446	-25.110085	0.043261	251.572327
447	-24.600065	0.046151	251.572327
448	-24.887007	0.049130	100.628929
449	-23.225386	0.055322	251.572327
450	-23.784470	0.052724	402.515717
451	-22.224287	0.062916	452.830200
452	-23.548971	0.052267	553.459106
453	-22.190285	0.064013	402.515717
454	-22.667976	0.058525	503.144653
455	-22.023256	0.060479	654.088074
456	-22.739399	0.057773	704.402527
457	-22.009590	0.064152	603.773560
458	-22.538198	0.062796	553.459106
459	-22.018700	0.062268	603.773560
460	-19.505608	0.085834	603.773560
461	-20.634878	0.078848	603.773560
462	-21.716969	0.071262	452.830200
463	-22.802872	0.062970	503.144653
464	-21.918642	0.067231	503.144653
465	-25.555288	0.043095	402.515717
466	-27.563454	0.032888	452.830200
467	-28.213747	0.030954	452.830200
468	-28.673025	0.026867	553.459106
469	-28.633810	0.028972	301.886780
470	-28.348021	0.030822	452.830200
471	-24.153690	0.052220	352.201263
472	-25.697771	0.044376	301.886780
473	-26.653315	0.035537	704.402527
474	-24.180462	0.048903	452.830200
475	-22.509298	0.061956	402.515717
476	-20.706537	0.079632	352.201263
477	-22.494833	0.064268	402.515717
478	-22.261705	0.065762	352.201263
479	-22.498034	0.064047	352.201263
480	-22.544376	0.062306	402.515717
481	-22.695816	0.059827	553.459106
482	-23.732214	0.054338	603.773560
483	-23.461037	0.055301	603.773560
484	-21.993055	0.065036	553.459106
485	-22.889709	0.060208	603.773560
486	-26.043093	0.040120	603.773560
487	-32.446396	0.019671	654.088074
488	-30.903906	0.021180	603.773560
489	-34.609108	0.014277	603.773560
490	-35.661957	0.013781	553.459106
491	-39.913666	0.007858	503.144653
492	-44.677570	0.004786	553.459106
493	-45.318558	0.004402	654.088074
494	-50.635445	0.002465	654.088074
495	-52.265228	0.002081	603.773560
496	-59.557384	0.000819	805.031433
497	-62.016445	0.000582	855.345886
498	-64.686371	0.000495	654.088074
499	-67.616493	0.000330	654.088074
500	-71.134270	0.000232	553.459106
501	-74.441017	0.000152	603.773560
502	-77.312294	0.000105	50.314465
503	-75.678474	0.000139	50.314465
504	-75.567749	0.000133	0.000000
505	-82.935081	0.000060	100.628929
506	-83.974304	0.000045	50.314465
507	-82.159035	0.000062	0.000000
508	-82.415833	0.000065	50.314465
509	-90.020210	0.000020	50.314465
510	-84.426277	0.000047	0.000000
511	-87.492966	0.000032	0.000000
512	-89.773384	0.000023	0.000000
513	-89.870438	0.000025	0.000000
514	-90.363602	0.000021	50.314465
515	-94.568611	0.000009	0.000000
516	-92.905319	0.000013	0.000000
517	-94.356720	0.000012	0.000000
518	-94.791367	0.000010	0.000000
519	-90.888885	0.000019	150.943390
520	-94.220993	0.000012	0.000000
521	-97.878448	0.000005	0.000000
522	-97.035271	0.000006	100.628929
523	-95.915565	0.000008	100.628929
524	-94.356720	0.000010	201.257858
525	-95.190079	0.000008	0.000000
526	-94.715836	0.000008	0.000000
527	-92.393799	0.000014	0.000000
528	-95.448143	0.000008	50.314465
529	-96.439430	0.000007	0.000000
530	-92.759735	0.000014	0.000000
531	-95.190079	0.000009	0.000000
532	-93.542000	0.000013	50.314465
533	-94.946487	0.000010	0.000000
534	-94.426208	0.000011	50.314465
535	-96.552238	0.000007	50.314465
536	-91.415947	0.000016	50.314465
537	-95.915565	0.000007	0.000000
538	-96.222244	0.000007	150.943390
539	-94.946487	0.000008	50.314465
540	-94.220993	0.000009	50.314465
541	-89.845970	0.000019	0.000000
542	-92.350151	0.000016	0.000000
543	-82.500420	0.000054	301.886780
544	-73.444313	0.000171	1610.062866
545	-46.056099	0.003574	805.031433
546	-28.894854	0.022470	603.773560
547	-23.485718	0.053354	704.402527
548	-23.504463	0.048264	955.974854
549	-24.378012	0.045162	754.716980
550	-23.489317	0.050501	1006.289307
551	-23.110441	0.055689	905.660400
552	-25.570885	0.041346	905.660400
553	-25.043531	0.040208	754.716980
554	-25.060217	0.045974	553.459106
555	-29.381943	0.025409	553.459106
556	-27.318089	0.031478	654.088074
557	-27.289097	0.033907	452.830200
558	-24.032578	0.050694	654.088074
559	-24.820139	0.047811	503.144653
560	-26.294056	0.038301	553.459106
561	-26.760288	0.036164	805.031433
562	-26.063585	0.036832	704.402527
563	-26.930447	0.032568	503.144653
564	-26.931419	0.032757	503.144653
565	-26.164989	0.032638	754.716980
566	-25.318518	0.038437	654.088074
567	-23.698044	0.046929	805.031433
568	-23.359358	0.054497	955.974854
569	-22.488480	0.061362	805.031433
570	-24.185713	0.046939	805.031433
571	-25.830811	0.036035	654.088074
572	-33.139450	0.017574	603.773560
573	-32.938526	0.018202	603.773560
574	-33.602203	0.016712	654.088074
575	-38.677608	0.009165	654.088074
576	-44.356495	0.005123	654.088074
577	-46.561050	0.003734	905.660400
578	-39.581516	0.008185	402.515717
579	-35.067860	0.014648	402.515717
580	-26.715937	0.037367	251.572327
581	-26.986464	0.036888	352.201263
582	-27.806662	0.033631	301.886780
583	-26.227285	0.039266	251.572327
584	-26.383078	0.037661	201.257858
585	-29.056189	0.028677	251.572327
586	-28.110786	0.030314	251.572327
587	-26.493956	0.039026	251.572327
588	-24.860262	0.047522	251.572327
589	-25.858761	0.042958	201.257858
590	-25.991367	0.039480	503.144653
591	-24.042141	0.050531	704.402527
592	-22.430967	0.059856	955.974854
593	-20.350027	0.071163	1106.918213
594	-20.221498	0.076817	1056.603760
595	-20.179304	0.078699	1006.289307
596	-19.378469	0.080753	1006.289307
597	-19.664545	0.078916	1056.603760
598	-20.391273	0.069591	855.345886
599	-19.920923	0.069522	955.974854
600	-21.220314	0.066912	553.459106
601	-22.563343	0.056801	503.144653
602	-22.831909	0.053677	654.088074
603	-22.766039	0.054284	553.459106
604	-30.734663	0.025063	503.144653
605	-29.441084	0.028515	754.716980
606	-33.127518	0.018424	754.716980
607	-36.979000	0.011506	704.402527
608	-38.922901	0.008630	654.088074
609	-40.488922	0.007056	704.402527
610	-42.320190	0.006131	855.345886
611	-29.851498	0.022745	654.088074
612	-29.722475	0.025854	452.830200
613	-24.162239	0.048028	553.459106
614	-23.708763	0.052199	503.144653
615	-23.412207	0.056696	402.515717
616	-25.145700	0.046191	503.144653
617	-24.837358	0.045875	402.515717
618	-33.235680	0.018195	603.773560
619	-36.696152	0.011410	603.773560
620	-33.007008	0.018482	553.459106
621	-37.339348	0.011074	503.144653
622	-40.378559	0.008108	352.201263
623	-41.664822	0.006565	402.515717
624	-47.355404	0.003413	452.830200
625	-49.680016	0.002660	603.773560
626	-49.892879	0.002609	402.515717
627	-51.696091	0.002114	402.515717
628	-46.955006	0.003477	1559.748413
629	-41.745693	0.006454	2213.836426
630	-28.337664	0.030577	553.459106
631	-26.063570	0.040375	352.201263
632	-26.407293	0.038418	553.459106
633	-25.023817	0.045179	603.773560
634	-25.759493	0.043195	553.459106
635	-28.472788	0.032224	352.201263
636	-29.884958	0.027989	301.886780
637	-32.731617	0.019374	352.201263
638	-41.523365	0.007439	201.257858
639	-43.495838	0.005331	251.572327
640	-45.698776	0.004434	201.257858
641	-44.861908	0.004757	251.572327
642	-44.361446	0.005190	301.886780
643	-43.312794	0.005659	352.201263
644	-38.472065	0.008256	1308.176147
645	-38.180458	0.010073	1660.377319
646	-26.721338	0.031243	704.402527
647	-21.821077	0.065195	503.144653
648	-20.661442	0.078147	654.088074
649	-19.429781	0.091003	704.402527
650	-18.801977	0.097309	654.088074
651	-18.100300	0.107036	654.088074
652	-18.029762	0.110672	704.402527
653	-18.903183	0.100390	654.088074
654	-19.229761	0.097242	654.088074
655	-20.260679	0.085868	704.402527
656	-20.398266	0.084632	654.088074
657	-21.325676	0.074694	704.402527
658	-22.799879	0.063011	654.088074
659	-25.379456	0.045330	654.088074
660	-30.244768	0.025417	704.402527
661	-30.247816	0.024245	654.088074
662	-31.252625	0.022566	704.402527
663	-30.145611	0.024389	402.515717
664	-31.780182	0.022124	402.515717
665	-35.500324	0.013680	654.088074
666	-39.304317	0.008860	503.144653
667	-39.173988	0.008966	503.144653
668	-38.800484	0.009954	201.257858
669	-41.755741	0.007097	150.943390
670	-47.031395	0.003868	201.257858
671	-44.984325	0.004942	201.257858
672	-49.455849	0.003040	201.257858
673	-55.310867	0.001470	150.943390
674	-61.654182	0.000726	150.943390
675	-68.299301	0.000297	100.628929
676	-81.483040	0.000063	251.572327
677	-80.430099	0.000077	150.943390
678	-80.010086	0.000079	100.628929
679	-79.749481	0.000082	100.628929
680	-82.783707	0.000059	100.628929
681	-83.716965	0.000050	0.000000
682	-85.492775	0.000037	0.000000
683	-85.583252	0.000041	0.000000
684	-87.191444	0.000034	0.000000
685	-87.941093	0.000029	0.000000
686	-89.631760	0.000023	0.000000
687	-92.437889	0.000016	0.000000
688	-75.603424	0.000111	50.314465
689	-77.590584	0.000103	50.314465
690	-60.090363	0.000767	201.257858
691	-55.514046	0.001470	201.257858
692	-44.397991	0.004250	100.628929
693	-36.371735	0.013560	150.943390
694	-33.425804	0.018671	150.943390
695	-30.671099	0.024632	251.572327
696	-26.840462	0.032020	704.402527
697	-21.976105	0.063607	654.088074
698	-22.684187	0.059438	553.459106
699	-22.189806	0.063541	352.201263
700	-22.876780	0.059811	352.201263
701	-23.746452	0.054066	251.572327
702	-24.839842	0.050089	100.628929
703	-24.423334	0.054080	150.943390
704	-27.841942	0.036653	150.943390
705	-30.813038	0.024095	150.943390
706	-33.947666	0.016534	150.943390
707	-36.693264	0.013231	100.628929
708	-41.667778	0.006782	251.572327
709	-43.444481	0.005653	251.572327
710	-53.107784	0.001649	352.201263
711	-65.638657	0.000435	402.515717
712	-65.010284	0.000463	251.572327
713	-50.298977	0.002210	402.515717
714	-33.551807	0.013404	754.716980
715	-25.469885	0.042925	704.402527
716	-24.034079	0.045483	1006.289307
717	-24.041277	0.049454	754.716980
718	-27.097345	0.035212	905.660400
719	-26.761793	0.039179	955.974854
720	-30.705610	0.022704	805.031433
721	-32.280327	0.019018	805.031433
722	-32.654121	0.018624	754.716980
723	-35.535728	0.013644	704.402527
724	-41.634422	0.006382	855.345886
725	-48.026638	0.003203	855.345886
726	-55.789829	0.001179	905.660400
727	-59.386024	0.000904	855.345886
728	-64.975410	0.000436	654.088074
729	-66.719658	0.000391	704.402527
730	-62.689205	0.000633	754.716980
731	-66.736801	0.000407	754.716980
732	-68.567307	0.000295	704.402527
733	-79.709106	0.000073	503.144653
734	-84.031494	0.000044	150.943390
735	-78.993614	0.000090	754.716980
736	-80.540337	0.000064	402.515717
737	-84.135056	0.000048	452.830200
738	-85.308685	0.000037	150.943390
739	-83.843727	0.000046	251.572327
740	-88.476280	0.000026	0.000000
741	-88.150627	0.000027	50.314465
742	-90.951370	0.000018	50.314465
743	-89.107353	0.000022	50.314465
744	-91.975891	0.000015	150.943390
745	-90.796806	0.000019	100.628929
746	-94.426208	0.000010	50.314465
747	-96.222244	0.000007	0.000000
748	-98.200287	0.000005	0.000000
749	-95.190079	0.000010	0.000000
750	-97.578827	0.000006	0.000000
751	-95.448143	0.000009	0.000000
752	-93.159363	0.000012	0.000000
753	-94.641602	0.000010	50.314465
754	-93.899155	0.000010	0.000000
755	-96.909386	0.000007	0.000000
756	-96.552238	0.000007	0.000000
757	-93.265289	0.000012	50.314465
758	-96.439430	0.000007	0.000000
759	-96.668053	0.000007	0.000000
760	-92.665321	0.000015	0.000000
761	-97.578827	0.000006	0.000000
762	-97.578827	0.000005	50.314465
763	-95.537689	0.000009	0.000000
764	-96.222244	0.000007	150.943390
765	-97.578827	0.000006	50.314465
766	-97.878448	0.000005	100.628929
767	-97.035271	0.000006	0.000000
768	-98.370613	0.000005	0.000000
769	-96.222244	0.000008	100.628929
770	-96.668053	0.000007	0.000000
771	-96.015404	0.000008	0.000000
772	-95.448143	0.000009	50.314465
773	-97.298553	0.000006	50.314465
774	-97.726059	0.000005	50.314465
775	-95.915565	0.000007	0.000000
776	-97.878448	0.000005	0.000000
777	-98.547890	0.000005	0.000000
778	-96.222244	0.000008	251.572327
779	-96.787041	0.000006	0.000000
780	-97.164917	0.000006	0.000000
781	-95.537689	0.000008	100.628929
782	-100.588974	0.000003	0.000000
783	-97.726059	0.000006	100.628929
784	-98.547890	0.000005	0.000000
785	-96.117592	0.000008	0.000000
786	-97.298553	0.000006	0.000000
787	-97.035271	0.000006	0.000000
788	-98.200287	0.000005	50.314465
789	-96.117592	0.000008	0.000000
790	-97.726059	0.000006	0.000000
791	-96.909386	0.000006	50.314465
792	-96.329483	0.000008	50.314465
793	-95.915565	0.000008	50.314465
794	-96.552238	0.000007	100.628929
795	-95.274406	0.000008	0.000000
796	-97.726059	0.000006	50.314465
797	-95.026176	0.000009	50.314465
798	-97.436432	0.000006	0.000000
799	-97.436432	0.000006	50.314465
800	-94.220993	0.000011	0.000000
801	-96.439430	0.000007	0.000000
802	-96.329483	0.000007	0.000000
803	-96.552238	0.000007	0.000000
804	-96.015404	0.000008	201.257858
805	-95.026176	0.000009	50.314465
806	-95.915565	0.000008	150.943390
807	-96.015404	0.000007	50.314465
808	-96.552238	0.000007	0.000000
809	-97.298553	0.000006	0.000000
810	-98.036385	0.000005	100.628929
811	-94.946487	0.000010	50.314465
812	-97.878448	0.000005	0.000000
813	-95.448143	0.000009	100.628929
814	-96.117592	0.000008	50.314465
815	-95.190079	0.000008	50.314465
816	-98.925758	0.000004	0.000000
817	-94.715836	0.000008	0.000000
818	-93.319237	0.000013	0.000000
819	-93.716904	0.000012	0.000000
820	-96.909386	0.000006	100.628929
821	-95.817970	0.000007	0.000000
822	-95.274406	0.000009	0.000000
823	-96.552238	0.000007	100.628929
824	-97.164917	0.000006	0.000000
825	-93.716904	0.000012	201.257858
826	-93.837547	0.000012	50.314465
827	-95.107353	0.000009	50.314465
828	-93.716904	0.000012	150.943390
829	-93.212006	0.000013	50.314465
830	-93.542000	0.000013	100.628929
831	-94.288322	0.000011	0.000000
832	-94.356720	0.000010	50.314465
833	-95.026176	0.000010	50.314465
834	-95.274406	0.000009	0.000000
835	-95.360405	0.000008	0.000000
836	-94.288322	0.000011	50.314465
837	-97.298553	0.000006	50.314465
838	-94.568611	0.000011	50.314465
839	-97.726059	0.000006	50.314465
840	-93.373871	0.000013	50.314465
841	-95.274406	0.000009	0.000000
842	-94.946487	0.000010	50.314465
843	-94.089378	0.000011	100.628929
844	-96.552238	0.000007	100.628929
845	-95.915565	0.000008	0.000000
846	-94.356720	0.000012	150.943390
847	-94.496826	0.000009	150.943390
848	-94.154686	0.000010	50.314465
849	-95.107353	0.000009	50.314465
850	-94.496826	0.000010	50.314465
851	-93.599525	0.000012	50.314465
852	-95.629120	0.000007	50.314465
853	-97.164917	0.000006	0.000000
854	-94.715836	0.000010	0.000000
855	-93.657822	0.000011	150.943390
856	-94.715836	0.000011	100.628929
857	-95.915565	0.000008	100.628929
858	-96.552238	0.000007	0.000000
